A2KBLMIKDBHIJJ,3J4Q2Z4UT167VJ50M2AO3KFE4MSWQ7,no
